Board 1
[5, 3, 0, 0, 7, 0, 0, 0, 0]
[6, 0, 0, 1, 9, 5, 0, 0, 0]
[0, 9, 8, 0, 0, 0, 0, 6, 0]
[8, 0, 0, 0, 6, 0, 0, 0, 3]
[4, 0, 0, 8, 0, 3, 0, 0, 1]
[7, 0, 0, 0, 2, 0, 0, 0, 6]
[0, 6, 0, 0, 0, 0, 2, 8, 0]
[0, 0, 0, 4, 1, 9, 0, 0, 5]
[0, 0, 0, 0, 8, 0, 0, 7, 9]
 
Solution 1
[5, 3, 4, 6, 7, 8, 9, 1, 2]
[6, 7, 2, 1, 9, 5, 3, 4, 8]
[1, 9, 8, 3, 4, 2, 5, 6, 7]
[8, 5, 9, 7, 6, 1, 4, 2, 3]
[4, 2, 6, 8, 5, 3, 7, 9, 1]
[7, 1, 3, 9, 2, 4, 8, 5, 6]
[9, 6, 1, 5, 3, 7, 2, 8, 4]
[2, 8, 7, 4, 1, 9, 6, 3, 5]
[3, 4, 5, 2, 8, 6, 1, 7, 9]

TIMES:
Camel (1st list based) Brute Force                         
-------------------------------------------------
Time elapsed: 5 seconds and 694000 microseconds.|
Nodes visited:  18810                           |
------------------------------------------------|

Dromedary (2th list based) Exclusion -> Brute Force
-------------------------------------------------
Time elapsed: 0 seconds and 16000 microseconds. |
Loops:  55                                      |
------------------------------------------------|

Echidna (1st object based) Brute Force
-------------------------------------------------
Time elapsed: 32 seconds and 137000 microseconds.|
Nodes visited 4630                              |
------------------------------------------------|

Rhinoceros (2th object based) Score Function
-------------------------------------------------
Time elapsed: 0 seconds and 937000 microseconds.|
Nodes visited 50                                |
------------------------------------------------|
