Board 5
[[0, 0, 0, 0, 0, 0, 5, 0, 0],
 [0, 0, 5, 0, 0, 0, 1, 6, 0],
 [0, 0, 4, 7, 0, 1, 0, 0, 9],
 [0, 0, 0, 0, 3, 0, 2, 0, 0],
 [1, 2, 0, 8, 0, 0, 4, 5, 0],
 [0, 9, 0, 0, 0, 0, 0, 0, 0],
 [0, 8, 9, 6, 0, 5, 0, 0, 0],
 [0, 4, 7, 0, 2, 0, 3, 0, 0],
 [0, 6, 0, 0, 0, 8, 0, 0, 0]]
 
 Solution 5
 [8, 1, 2, 9, 6, 4, 5, 3, 7]
[9, 7, 5, 2, 8, 3, 1, 6, 4]
[6, 3, 4, 7, 5, 1, 8, 2, 9]
[7, 5, 8, 4, 3, 6, 2, 9, 1]
[1, 2, 6, 8, 9, 7, 4, 5, 3]
[4, 9, 3, 5, 1, 2, 6, 7, 8]
[3, 8, 9, 6, 4, 5, 7, 1, 2]
[5, 4, 7, 1, 2, 9, 3, 8, 6]
[2, 6, 1, 3, 7, 8, 9, 4, 5]

TIMES:
Camel (1st list based) Brute Force                         
-------------------------------------------------
After 200k still no result (took about 2 minutes)|
------------------------------------------------|

Dromedary (2th list based) Exclusion -> Brute Force
-------------------------------------------------
Time elapsed: 0 seconds and 891000 microseconds. |
Loops:  3044                                      |
------------------------------------------------|

Echidna (1st object based) Brute Force
-------------------------------------------------
Time elapsed: 130 seconds and 674000 microseconds.|
Nodes visited 20179                              |
------------------------------------------------|

Rhinoceros (2th object based) Score Function
-------------------------------------------------
Time elapsed: 1 seconds and 359000 microseconds.|
Nodes visited 76                                |
------------------------------------------------|
